42
57
67
80
84
103
105
113
134
135
141
148
154
157
174
186
194
197
233
235
248
249
299
318
337
340
341
368
371
372
392
401
425
431
461
481
485
508
529
548
568
570
583
587
602
610
614
624
643
649
670
678
683
684
686
689
697
703
713
720
722
726
728
737
752
763
773
777
783
796
801
802
804
807
827
868
872
873
880
884
885
892
896
915
925
927
932
1003
1019
1041
1043
1051
1074
1076
1089
1091
1096
1101
1135
1143
1149
1153
1206
1217
1230
1247
1256
1278
1285
1287
1290
1293
1308
1311
1324
1347
1365
1381
1397
1410
1416
1418
1421
1423
1424
1425
1428
1443
1453
1457
1463
1464
1474
1475
1485
1507
1508
1512
1518
1520
1522
1531
1540
1543
1552
1553
1555
1561
1570
1586
1587
1592
1595
1597
1610
1613
1644
1645
1653
1655
1656
1658
1667
1684
1693
1694
1696
1700
1710
1714
1724
1729
1732
1743
1744
1749
1750
1752
1761
1767
1769
1773
1793
1826
1832
1865
1903
1917
1926
1937
1947
1966
1967
1968
1972
1981
1994
2027
2029
2033
2054
2070
2092
2111
2128
2129
2137
2154
2160
2168
2183
2186
2207
2208
2218
2228
2232
2237
2253
2258
2260
2262
2283
2297
2307
2336
2341
2344
2346
2359
2365
2376
2388
2394
2406
2411
2413
2423
2426
2440
2452
2454
2460
2467
2470
2478
2480
2482
2492
2493
2498
2535
2541
2547
2548
2550
2551
2552
2567
2574
2598
2617
2619
2654
2665
2666
2667
2672
2676
2677
2730
2737
2740
2748
2755
2759
2767
2809
2812
2818
2853
2860
2870
2872
2887
2898
2921
2929
2930
2932
2935
2937
2938
2939
2940
2945
2946
2948
2958
2959
2961
2963
2970
2973
2976
3002
3018
3023
3053
3062
3063
3074
3079
3085
3112
3137
3139
3145
3149
3151
3154
3169
3172
3175
3184
3207
3213
3227
3240
3242
3243
3298
3308
3323
3333
3352
3354
3365
3371
3404
3411
3418
3419
3423
3430
3432
3436
3439
3443
3451
3454
3455
3469
3473
3493
3494
3497
3543
3548
3557
3570
3577
3592
3595
3599
3609
3614
3615
3617
3624
3629
3637
3641
3643
3654
3655
3660
3666
3670
3671
3680
3683
3684
3687
3693
3694
3695
3698
3703
3710
3714
3731
3752
3770
3773
3777
3783
3785
3787
3795
3814
3815
3820
3822
3834
3877
3880
3882
3889
3890
3904
3924
3941
3942
3945
3994
4023
4025
4037
4041
4045
4047
4096
4110
4115
4116
4121
4122
4130
4139
4146
4166
4182
4184
4185
4196
4214
4222
4225
4226
4237
4243
4247
4248
4255
4259
4270
4284
4289
4328
4339
4359
4361
4388
4402
4406
4416
4425
4434
4440
4448
4466
4481
4483
4484
4489
4501
4534
4543
4545
4553
4576
4577
4589
4625
4643
4645
4659
4664
4685
4687
4712
4728
4741
4761
4798
4802
4829
4830
4873
4875
4879
4891
4899
4901
4912
4918
4920
4921
4930
4935
4946
4959
4962
4965
5002
5014
5015
5023
5037
5040
5081
5085
5089
5097
5112
5122
5134
5156
5157
5159
5176
5206
5207
5208
5220
5227
5235
5245
5286
5337
5343
5371
5398
5399
5413
5416
5417
5433
5439
5444
5449
5450
5451
5452
5454
5458
5469
5471
5475
5487
5492
5527
5545
5547
5554
5562
5585
5590
5597
5608
5609
5616
5617
5620
5621
5636
5653
5654
5662
5669
5671
5676
5687
5722
5744
5760
5765
5770
5772
5788
5798
5803
5808
5809
5813
5843
5862
5874
5878
5889
5898
5919
5922
5954
5957
5959
5985
5986
